315.5 35.5
295.5 70.5
335.5 70.5
275.5 107.5
315.5 108.5
356.5 107.5
254.5 141.5
294.5 142.5
335.5 141.5
377.5 142.5
70.5 175.5
110.5 174.5
152.5 174.5
192.5 175.5
233.5 174.5
274.5 174.5
315.5 175.5
356.5 175.5
397.5 175.5
437.5 175.5
478.5 176.5
519.5 175.5
560.5 175.5
90.5 208.5
131.5 208.5
172.5 209.5
212.5 209.5
253.5 209.5
294.5 209.5
335.5 209.5
376.5 209.5
416.5 209.5
457.5 210.5
498.5 209.5
539.5 209.5
110.5 246.5
152.5 246.5
193.5 246.5
233.5 246.5
274.5 246.5
315.5 246.5
356.5 246.5
396.5 247.5
437.5 247.5
478.5 247.5
519.5 246.5
131.5 281.5
172.5 281.5
213.5 281.5
254.5 281.5
295.5 281.5
335.5 281.5
376.5 282.5
417.5 282.5
458.5 282.5
499.5 281.5
152.5 315.5
192.5 316.5
233.5 315.5
274.5 315.5
315.5 316.5
356.5 316.5
397.5 316.5
437.5 316.5
478.5 316.5
131.5 352.5
172.5 352.5
213.5 352.5
254.5 352.5
295.5 352.5
335.5 352.5
376.5 353.5
417.5 352.5
458.5 353.5
499.5 352.5
110.5 386.5
152.5 386.5
192.5 387.5
233.5 386.5
274.5 386.5
315.5 387.5
356.5 387.5
397.5 387.5
437.5 387.5
478.5 388.5
519.5 387.5
91.5 422.5
132.5 422.5
173.5 423.5
214.5 422.5
254.5 422.5
295.5 423.5
336.5 423.5
377.5 423.5
417.5 423.5
458.5 424.5
499.5 423.5
540.5 423.5
70.5 456.5
110.5 456.5
152.5 456.5
192.5 457.5
233.5 456.5
274.5 456.5
315.5 456.5
356.5 456.5
396.5 457.5
437.5 457.5
478.5 457.5
519.5 456.5
560.5 457.5
254.5 492.5
295.5 492.5
336.5 493.5
376.5 493.5
274.5 527.5
315.5 527.5
356.5 527.5
295.5 563.5
336.5 563.5
315.5 597.5
